MAP
777777777777777
711111111111127
711111114111207
711111111112007
711111111120007
711111111120027
711111111112227
711111111111207
711111111112007
711111111112007
711111111111207
711111111111127
711111111111117
711111111111117
711111111111117
711111111211117
711111112022227
711221120000027
712002120000027
712002120000027
711221112000027
711111112000027
722111220000027
700212000000027
700220000000027
722112000000027
716111200000027
711111120022237
711111112211117
777777777777777

PLAYER
2
0
8.519897
12.859676
ENEMY
0
9.295581
11.918038
0.000000
3
1
1

ENEMY
2
8.876167
12.689939
0.000000
1
1
1

ENEMY
3
8.379636
12.676597
0.000000
0
1
1

ENEMY
4
8.365982
12.674676
0.000000
1
1
1

ENEMY
5
8.367971
12.674748
0.000000
2
1
1

ENEMY
6
8.501081
12.674664
0.000000
3
1
1

ENEMY
7
9.293699
10.783548
0.000000
2
1
1

ENEMY
8
8.532251
12.674671
0.000000
3
1
1

ENEMY
9
9.665998
11.287612
0.000000
3
1
1

