MAP
777777777777777
711111112000027
711214120000027
712021120002217
720002112221117
712000211111117
712000021161117
712000002111117
711200002111117
711200000221117
711200000002127
712000000002207
712000000222007
712000002112007
712000021112007
712000222111207
711202200222207
711121200000027
711111120000027
711111112000217
711111111222117
711112111111117
721120221111117
702200002111117
702120000211117
700212000211117
700212000021117
700021200231117
700002122111117
777777777777777

PLAYER
2
0
7.339955
3.200001
100
100.000000

ENEMY
0
11.000000
20.543350
0.500000
2
0
2

ENEMY
1
2.000000
22.319588
-0.500000
0
0
2

ENEMY
2
2.000000
11.358301
-0.500000
0
0
2

ENEMY
3
2.838678
19.000000
0.500000
1
0
2

ENEMY
4
2.000000
22.319588
-0.500000
0
0
2

ENEMY
5
12.000000
22.460213
0.500000
2
0
2

ENEMY
6
12.000000
3.543381
0.500000
2
0
2

ENEMY
7
9.777659
24.000000
0.500000
1
0
2

ENEMY
8
12.000000
25.469528
0.500000
2
0
2

ENEMY
9
9.562389
6.000000
0.500000
1
0
2

BOSS
-1
5.000000
1.313169
-0.500000
0
0
0

