MAP
777777777777777
700021111111117
700211111111147
702111111111117
721111111111117
711111111111117
711111111111117
711111111111117
711111111111117
711111111111117
711111111111117
711111111111117
711111111111117
711111111111117
711111111111117
711111111111117
711111111122117
722211111200217
700021611200217
700021112122117
700021120222117
700211200000217
702111120000217
721111120000217
711111120002117
711111200021117
711111200021117
711111322211117
711111111111117
777777777777777

PLAYER
0
0
4.680001
16.739765
ENEMY
0
6.000000
3.450581
-0.500000
0
0
2

ENEMY
1
3.000000
5.450583
-0.500000
0
0
2

ENEMY
2
12.746560
16.000000
-0.500000
3
0
2

ENEMY
3
9.000000
2.941985
0.500000
2
0
2

ENEMY
4
7.000000
3.450581
-0.500000
0
0
2

ENEMY
5
6.746879
9.000000
-0.500000
3
0
2

ENEMY
6
1.936620
7.000000
0.500000
1
0
2

ENEMY
7
5.000000
5.450583
-0.500000
0
0
2

ENEMY
8
6.000000
3.937276
0.500000
2
0
2

ENEMY
9
7.937138
6.000000
0.500000
1
0
2

