MAP
777777777777777
700220021120007
722200021420027
722000021112217
700000026111127
700000021111207
700000211111207
720000211111207
712000211122027
711200211200007
711122111200007
711111111120007
711111111112007
711111111112007
711111111111227
721111111111117
702111112222217
700211120000027
702111120000027
721111112000217
711111112000217
711111111222117
711111111111117
711111111111117
711111111111117
711111111111117
711111111111117
711111111131117
711111111111117
777777777777777

PLAYER
0
0
9.819996
21.839882
ENEMY
0
11.134343
22.000000
-0.500000
3
0

ENEMY
1
3.000000
24.580206
-0.500000
0
0

ENEMY
2
5.000000
15.314535
0.500000
2
0

ENEMY
3
9.129419
27.000000
-0.500000
3
0

ENEMY
4
3.000000
26.590143
-0.500000
0
0

ENEMY
5
5.000000
25.581366
-0.500000
0
0

ENEMY
6
12.000000
20.308985
0.500000
2
0

ENEMY
7
3.316973
25.000000
0.500000
1
0

ENEMY
8
5.320953
14.000000
0.500000
1
0

ENEMY
9
5.000000
23.594816
-0.500000
0
0

